[gd_scene load_steps=15 format=3 uid="uid://bqwl2ykns2jxd"]

[ext_resource type="PackedScene" uid="uid://dgo2bibaasii5" path="res://objects/rocks.tscn" id="1_e3hyu"]
[ext_resource type="PackedScene" uid="uid://bksnih10f3b60" path="res://objects/tree.tscn" id="1_tlwt5"]
[ext_resource type="PackedScene" uid="uid://c6da62x0yny2u" path="res://objects/block_grass_hexagon.tscn" id="2_pkg7o"]
[ext_resource type="PackedScene" uid="uid://o6wnlgh8o1w1" path="res://objects/grass.tscn" id="3_gbfbk"]
[ext_resource type="PackedScene" uid="uid://l1mfr1drk7o" path="res://objects/barrel.tscn" id="4_ioo17"]
[ext_resource type="PackedScene" uid="uid://jji72vejsle5" path="res://objects/block_grass_overhang_low.tscn" id="5_wse8f"]
[ext_resource type="PackedScene" uid="uid://bv2qsg240wll3" path="res://objects/crate.tscn" id="6_ic0uy"]
[ext_resource type="PackedScene" uid="uid://cq71lffxsm4ji" path="res://objects/platform.tscn" id="7_k3n1d"]
[ext_resource type="PackedScene" uid="uid://wkxoanx6x0lm" path="res://objects/coin_gold.tscn" id="8_4mrxx"]
[ext_resource type="PackedScene" uid="uid://qifceecwgmqu" path="res://objects/block_moving.tscn" id="9_7r4gi"]
[ext_resource type="PackedScene" uid="uid://cvpnql07dcjvw" path="res://objects/flag.tscn" id="10_w7kh3"]

[sub_resource type="PlaneMesh" id="PlaneMesh_f3sb7"]
size = Vector2(15, 50)

[sub_resource type="StandardMaterial3D" id="StandardMaterial3D_dwbse"]
albedo_color = Color(0, 0.756863, 0.541176, 1)

[sub_resource type="ConcavePolygonShape3D" id="ConcavePolygonShape3D_4mrxx"]
data = PackedVector3Array(7.5, 0, 20, -7.5, 0, 20, 7.5, 0, -20, -7.5, 0, 20, -7.5, 0, -20, 7.5, 0, -20)

[node name="World" type="Node3D"]
transform = Transform3D(1, 0, 0, 0, 1, 0, 0, 0, 1, 0, 0, -1.53059)

[node name="Ground" type="StaticBody3D" parent="."]

[node name="MeshInstance3D" type="MeshInstance3D" parent="Ground"]
transform = Transform3D(1, 0, 0, 0, 1, 0, 0, 0, 1, 0, 0, -6.26208)
mesh = SubResource("PlaneMesh_f3sb7")
surface_material_override/0 = SubResource("StandardMaterial3D_dwbse")

[node name="CollisionShape3D2" type="CollisionShape3D" parent="Ground"]
transform = Transform3D(1, 0, 0, 0, 1, 0, 0, 0, 1, 0, 0, -6.26208)
shape = SubResource("ConcavePolygonShape3D_4mrxx")

[node name="blocos" type="Node3D" parent="."]

[node name="block-grass-overhang-low2" parent="blocos" instance=ExtResource("5_wse8f")]
transform = Transform3D(1.74385, 0, 0.979282, 0, 2, 0, -0.979282, 0, 1.74385, 3.21526, 2.7929, -24.5559)

[node name="block-grass-overhang-low" parent="blocos" instance=ExtResource("5_wse8f")]
transform = Transform3D(1.01954, -0.0417801, 1.72011, 0.021303, 1.99956, 0.0359411, -1.72049, 0, 1.01977, 3.52589, 2.48924, -21.805)

[node name="block-grass-hexagon2" parent="blocos" instance=ExtResource("2_pkg7o")]
transform = Transform3D(2.61398, 0, 1.47212, 0, 3, 0, -1.47212, 0, 2.61398, 0, 0, -19.3413)

[node name="block-grass-overhang-low3" parent="blocos" instance=ExtResource("5_wse8f")]
transform = Transform3D(0.809816, 0, -0.586683, 0, 1, 0, 0.586683, 0, 0.809816, 1.98548, 2.23827, -20.4248)

[node name="block-grass-hexagon3" parent="blocos" instance=ExtResource("2_pkg7o")]
transform = Transform3D(0.854014, 0, 0.52025, 0, 1, 0, -0.52025, 0, 0.854014, -0.723877, 0, -17.3388)

[node name="block-grass-hexagon4" parent="blocos" instance=ExtResource("2_pkg7o")]
transform = Transform3D(1.2825, 0, 0.777936, 0, 1.5, 0, -0.777936, 0, 1.2825, 0, 0, -17.3493)

[node name="block-grass-overhang-low4" parent="blocos" instance=ExtResource("5_wse8f")]
transform = Transform3D(1, 0, 0, 0, 1, 0, 0, 0, 1, 0, 1.274, -15.1862)

[node name="block-grass-overhang-low6" parent="blocos" instance=ExtResource("5_wse8f")]
transform = Transform3D(1, 0, 0, 0, 1, 0, 0, 0, 1, 0, 1.193, -11.2609)

[node name="block-grass-overhang-low7" parent="blocos" instance=ExtResource("5_wse8f")]
transform = Transform3D(-1.66615, 0, -1.10632, 0, 2, 0, 1.10632, 0, -1.66615, -3.40004, 2.7929, 11.9815)

[node name="block-grass-overhang-low8" parent="blocos" instance=ExtResource("5_wse8f")]
transform = Transform3D(-0.888702, 0.0416643, -1.79122, 0.021303, 1.99956, 0.0359411, 1.79158, -0.00310863, -0.88896, -3.40004, 2.48924, 9.2613)

[node name="block-grass-hexagon8" parent="blocos" instance=ExtResource("2_pkg7o")]
transform = Transform3D(-2.4972, 0, -1.66253, 0, 3, 0, 1.66253, 0, -2.4972, 0, 0, 6.54209)

[node name="block-grass-overhang-low9" parent="blocos" instance=ExtResource("5_wse8f")]
transform = Transform3D(-0.851223, 0, 0.524803, 0, 1, 0, -0.524803, 0, -0.851223, -2.20423, 2.23827, 7.77031)

[node name="block-grass-overhang-low13" parent="blocos" instance=ExtResource("5_wse8f")]
transform = Transform3D(-0.84623, 0, 0.532817, 0, 1, 0, -0.532817, 0, -0.84623, -2.13303, 3.82138, 13.518)

[node name="block-grass-hexagon9" parent="blocos" instance=ExtResource("2_pkg7o")]
transform = Transform3D(-0.812938, 0, -0.58235, 0, 1, 0, 0.58235, 0, -0.812938, 0, 0, 4.49128)

[node name="block-grass-hexagon10" parent="blocos" instance=ExtResource("2_pkg7o")]
transform = Transform3D(-1.22106, 0, -0.871203, 0, 1.5, 0, 0.871203, 0, -1.22106, 0, 0, 4.55561)

[node name="block-grass-overhang-low10" parent="blocos" instance=ExtResource("5_wse8f")]
transform = Transform3D(-0.997228, 0, -0.0744045, 0, 1, 0, 0.0744045, 0, -0.997228, 0, 1.274, 2.00692)

[node name="block-grass-overhang-low11" parent="blocos" instance=ExtResource("5_wse8f")]
transform = Transform3D(-0.997228, 0, -0.0744045, 0, 1, 0, 0.0744045, 0, -0.997228, 0, 1.571, -0.0324564)

[node name="block-grass-overhang-low12" parent="blocos" instance=ExtResource("5_wse8f")]
transform = Transform3D(-0.997228, 0, -0.0744045, 0, 1, 0, 0.0744045, 0, -0.997228, 0, 1.193, -2.2083)

[node name="block-grass-hexagon11" parent="blocos" instance=ExtResource("2_pkg7o")]
transform = Transform3D(-1.49584, 0, -0.111607, 0, 1.5, 0, 0.111607, 0, -1.49584, 0, 0, -4.41619)

[node name="block-grass-hexagon" parent="blocos" instance=ExtResource("2_pkg7o")]
transform = Transform3D(4.44305, 0, 2.29333, 0, 5, 0, -2.29333, 0, 4.44305, 0, 0, -23.2733)

[node name="block-grass-hexagon5" parent="blocos" instance=ExtResource("2_pkg7o")]
transform = Transform3D(1.5, 0, 0, 0, 1.5, 0, 0, 0, 1.5, 0, 0, -8.88123)

[node name="block-grass-hexagon7" parent="blocos" instance=ExtResource("2_pkg7o")]
transform = Transform3D(-4.2601, 0, -2.61756, 0, 5, 0, 2.61756, 0, -4.2601, 0, 0, 10.4634)

[node name="plataformas" type="Node3D" parent="."]

[node name="platform" parent="plataformas" instance=ExtResource("7_k3n1d")]
transform = Transform3D(1, 0, 0, 0, 1, 0, 0, 0, 1, 0, 1, -7.61924)

[node name="platform2" parent="plataformas" instance=ExtResource("7_k3n1d")]
transform = Transform3D(1, 0, 0, 0, 1, 0, 0, 0, 1, 0, 1, -6.63106)

[node name="platform3" parent="plataformas" instance=ExtResource("7_k3n1d")]
transform = Transform3D(1, 0, 0, 0, 1, 0, 0, 0, 1, 0, 1, -5.66224)

[node name="grass9" type="Node3D" parent="."]
transform = Transform3D(1, 0, 0, 0, 1, 0, 0, 0, 1, 0, 1, -7.976)

[node name="grass" parent="grass9" instance=ExtResource("3_gbfbk")]
transform = Transform3D(1, 0, 0, 0, 1, 0, 0, 0, 1, 0.618073, 4, -17.1181)

[node name="grass2" parent="grass9" instance=ExtResource("3_gbfbk")]
transform = Transform3D(1, 0, 0, 0, 1, 0, 0, 0, 1, -0.436096, 4, -16.3925)

[node name="grass3" parent="grass9" instance=ExtResource("3_gbfbk")]
transform = Transform3D(0.966147, 0, -0.257993, 0, 1, 0, 0.257993, 0, 0.966147, -1.25323, 3.99992, -16.2793)

[node name="grass4" parent="grass9" instance=ExtResource("3_gbfbk")]
transform = Transform3D(1, 0, 0, 0, 1, 0, 0, 0, 1, -0.463715, 4, -16.9111)

[node name="grass5" parent="grass9" instance=ExtResource("3_gbfbk")]
transform = Transform3D(-0.997228, 0, -0.0744045, 0, 1, 0, 0.0744045, 0, -0.997228, -0.571443, 4, 20.3009)

[node name="grass6" parent="grass9" instance=ExtResource("3_gbfbk")]
transform = Transform3D(-0.997228, 0, -0.0744045, 0, 1, 0, 0.0744045, 0, -0.997228, 0.697587, 4, 19.4989)

[node name="grass7" parent="grass9" instance=ExtResource("3_gbfbk")]
transform = Transform3D(-0.982665, 0, 0.185392, 0, 1, 0, -0.185392, 0, -0.982665, 0, 3.99992, 19.3252)

[node name="grass8" parent="grass9" instance=ExtResource("3_gbfbk")]
transform = Transform3D(-0.997228, 0, -0.0744045, 0, 1, 0, 0.0744045, 0, -0.997228, -0.364532, 4, 19.841)

[node name="crate7" type="Node3D" parent="."]

[node name="crate" parent="crate7" instance=ExtResource("6_ic0uy")]
transform = Transform3D(1, 0, 0, 0, 1, 0, 0, 0, 1, 0.518221, 3, -20.3339)

[node name="crate2" parent="crate7" instance=ExtResource("6_ic0uy")]
transform = Transform3D(0.913836, 0, -0.406083, 0, 1, 0, 0.406083, 0, 0.913836, 0.520365, 3.499, -20.2885)

[node name="crate3" parent="crate7" instance=ExtResource("6_ic0uy")]
transform = Transform3D(0.58938, 0, -0.807856, 0, 1, 0, 0.807856, 0, 0.58938, -0.0720841, 3, -20.3955)

[node name="crate4" parent="crate7" instance=ExtResource("6_ic0uy")]
transform = Transform3D(-0.960493, 0, -0.278304, 0, 1, 0, 0.278304, 0, -0.960493, -0.540668, 3, 7.63293)

[node name="crate5" parent="crate7" instance=ExtResource("6_ic0uy")]
transform = Transform3D(-0.990748, 0, 0.135716, 0, 1, 0, -0.135716, 0, -0.990748, 0, 3.499, 7.58992)

[node name="crate6" parent="crate7" instance=ExtResource("6_ic0uy")]
transform = Transform3D(-0.790925, 0, 0.611913, 0, 1, 0, -0.611913, 0, -0.790925, 0.105042, 3, 7.52781)

[node name="tree5" type="Node3D" parent="."]

[node name="tree" parent="tree5" instance=ExtResource("1_tlwt5")]
transform = Transform3D(1, 0, 0, 0, 1, 0, 0, 0, 1, -0.874985, 4.99878, -24.593)

[node name="tree2" parent="tree5" instance=ExtResource("1_tlwt5")]
transform = Transform3D(1, 0, 0, 0, 0.999953, 0.00966898, 0, -0.00966898, 0.999953, 0.141364, 4.98619, -25.1073)

[node name="tree3" parent="tree5" instance=ExtResource("1_tlwt5")]
transform = Transform3D(-0.997228, 0, -0.0744045, 0, 1, 0, 0.0744045, 0, -0.997228, 1.0796, 4.99878, 11.7141)

[node name="tree4" parent="tree5" instance=ExtResource("1_tlwt5")]
transform = Transform3D(-0.997228, 0.000719415, -0.074401, 0, 0.999953, 0.00966898, 0.0744045, 0.00964218, -0.997181, 0, 4.98619, 12.3026)

[node name="barrel" type="Node3D" parent="."]

[node name="barrel" parent="barrel" instance=ExtResource("4_ioo17")]
transform = Transform3D(1, 0, 0, 0, 1, 0, 0, 0, 1, 0.00418091, 4.94055, -24.6728)

[node name="barrel2" parent="barrel" instance=ExtResource("4_ioo17")]
transform = Transform3D(-0.997228, 0, -0.0744045, 0, 1, 0, 0.0744045, 0, -0.997228, 0.434736, 4.94055, 11.8591)

[node name="coins" type="Node3D" parent="."]

[node name="coin-gold" parent="coins" instance=ExtResource("8_4mrxx")]
transform = Transform3D(1, 0, 0, 0, 1, 0, 0, 0, 1, 0, 5.07548, 10.2411)

[node name="coin-gold2" parent="coins" instance=ExtResource("8_4mrxx")]
transform = Transform3D(1, 0, 0, 0, 1, 0, 0, 0, 1, -1.80731, 5, 10.5318)

[node name="coin-gold3" parent="coins" instance=ExtResource("8_4mrxx")]
transform = Transform3D(1, 0, 0, 0, 1, 0, 0, 0, 1, -1.16218, 5, 11.8858)

[node name="coin-gold4" parent="coins" instance=ExtResource("8_4mrxx")]
transform = Transform3D(1, 0, 0, 0, 1, 0, 0, 0, 1, -1.18962, 5, 8.43918)

[node name="coin-gold5" parent="coins" instance=ExtResource("8_4mrxx")]
transform = Transform3D(1, 0, 0, 0, 1, 0, 0, 0, 1, 1.93555, 5, 11.2121)

[node name="coin-gold6" parent="coins" instance=ExtResource("8_4mrxx")]
transform = Transform3D(1, 0, 0, 0, 1, 0, 0, 0, 1, 2.18132, 5, 10.3614)

[node name="coin-gold7" parent="coins" instance=ExtResource("8_4mrxx")]
transform = Transform3D(1, 0, 0, 0, 1, 0, 0, 0, 1, 1.33408, 5, 8.69496)

[node name="coin-gold8" parent="coins" instance=ExtResource("8_4mrxx")]
transform = Transform3D(1, 0, 0, 0, 1, 0, 0, 0, 1, -2.02935, 4.32138, 13.4885)

[node name="coin-gold9" parent="coins" instance=ExtResource("8_4mrxx")]
transform = Transform3D(1, 0, 0, 0, 1, 0, 0, 0, 1, -3.46062, 3.7929, 11.9244)

[node name="coin-gold10" parent="coins" instance=ExtResource("8_4mrxx")]
transform = Transform3D(1, 0, 0, 0, 1, 0, 0, 0, 1, -3.33232, 3.49182, 9.29216)

[node name="coin-gold11" parent="coins" instance=ExtResource("8_4mrxx")]
transform = Transform3D(1, 0, 0, 0, 1, 0, 0, 0, 1, -2.15527, 2.73827, 7.69936)

[node name="coin-gold12" parent="coins" instance=ExtResource("8_4mrxx")]
transform = Transform3D(1, 0, 0, 0, 1, 0, 0, 0, 1, -1.08406, 3, 6.64333)

[node name="coin-gold13" parent="coins" instance=ExtResource("8_4mrxx")]
transform = Transform3D(1, 0, 0, 0, 1, 0, 0, 0, 1, -0.0309267, 3.998, 7.49683)

[node name="coin-gold14" parent="coins" instance=ExtResource("8_4mrxx")]
transform = Transform3D(1, 0, 0, 0, 1, 0, 0, 0, 1, 1.0705, 3, 6.33272)

[node name="coin-gold15" parent="coins" instance=ExtResource("8_4mrxx")]
transform = Transform3D(1, 0, 0, 0, 1, 0, 0, 0, 1, -0.63711, 3, 5.4601)

[node name="coin-gold16" parent="coins" instance=ExtResource("8_4mrxx")]
transform = Transform3D(1, 0, 0, 0, 1, 0, 0, 0, 1, 0.592847, 3, 5.29007)

[node name="coin-gold17" parent="coins" instance=ExtResource("8_4mrxx")]
transform = Transform3D(1, 0, 0, 0, 1, 0, 0, 0, 1, 0.105102, 1.774, 1.92119)

[node name="coin-gold18" parent="coins" instance=ExtResource("8_4mrxx")]
transform = Transform3D(1, 0, 0, 0, 1, 0, 0, 0, 1, -0.180602, 1.5, 4.63425)

[node name="coin-gold19" parent="coins" instance=ExtResource("8_4mrxx")]
transform = Transform3D(1, 0, 0, 0, 1, 0, 0, 0, 1, 0.303998, 1.5, 4.01785)

[node name="coin-gold20" parent="coins" instance=ExtResource("8_4mrxx")]
transform = Transform3D(1, 0, 0, 0, 1, 0, 0, 0, 1, 0.0786793, 2.071, -0.0947943)

[node name="coin-gold21" parent="coins" instance=ExtResource("8_4mrxx")]
transform = Transform3D(1, 0, 0, 0, 1, 0, 0, 0, 1, 0.0669051, 1.693, -2.24496)

[node name="coin-gold22" parent="coins" instance=ExtResource("8_4mrxx")]
transform = Transform3D(1, 0, 0, 0, 1, 0, 0, 0, 1, 0.122231, 1.5, -4.46205)

[node name="coin-gold23" parent="coins" instance=ExtResource("8_4mrxx")]
transform = Transform3D(1, 0, 0, 0, 1, 0, 0, 0, 1, 0.160822, 1.17672, -5.84013)

[node name="coin-gold24" parent="coins" instance=ExtResource("8_4mrxx")]
transform = Transform3D(1, 0, 0, 0, 1, 0, 0, 0, 1, 0.143926, 1.16948, -6.45896)

[node name="coin-gold25" parent="coins" instance=ExtResource("8_4mrxx")]
transform = Transform3D(1, 0, 0, 0, 1, 0, 0, 0, 1, 0.283918, 1.19339, -7.20394)

[node name="coin-gold26" parent="coins" instance=ExtResource("8_4mrxx")]
transform = Transform3D(1, 0, 0, 0, 1, 0, 0, 0, 1, 0.172127, 1.1634, -7.69714)

[node name="coin-gold27" parent="coins" instance=ExtResource("8_4mrxx")]
transform = Transform3D(1, 0, 0, 0, 1, 0, 0, 0, 1, 0.0498469, 1.5, -8.97079)

[node name="coin-gold28" parent="coins" instance=ExtResource("8_4mrxx")]
transform = Transform3D(1, 0, 0, 0, 1, 0, 0, 0, 1, 0.0414314, 1.693, -11.2327)

[node name="coin-gold29" parent="coins" instance=ExtResource("8_4mrxx")]
transform = Transform3D(1, 0, 0, 0, 1, 0, 0, 0, 1, 0, 2, -13.1227)

[node name="coin-gold30" parent="coins" instance=ExtResource("8_4mrxx")]
transform = Transform3D(1, 0, 0, 0, 1, 0, 0, 0, 1, 0.00592327, 1.774, -15.1208)

[node name="coin-gold31" parent="coins" instance=ExtResource("8_4mrxx")]
transform = Transform3D(1, 0, 0, 0, 1, 0, 0, 0, 1, -0.00142676, 1.5, -17.267)

[node name="coin-gold32" parent="coins" instance=ExtResource("8_4mrxx")]
transform = Transform3D(1, 0, 0, 0, 1, 0, 0, 0, 1, 0.909985, 3, -18.2197)

[node name="coin-gold33" parent="coins" instance=ExtResource("8_4mrxx")]
transform = Transform3D(1, 0, 0, 0, 1, 0, 0, 0, 1, -0.552378, 3, -18.1643)

[node name="coin-gold34" parent="coins" instance=ExtResource("8_4mrxx")]
transform = Transform3D(1, 0, 0, 0, 1, 0, 0, 0, 1, 0.71456, 3, -19.8278)

[node name="coin-gold35" parent="coins" instance=ExtResource("8_4mrxx")]
transform = Transform3D(1, 0, 0, 0, 1, 0, 0, 0, 1, -1.03031, 3, -19.5447)

[node name="coin-gold36" parent="coins" instance=ExtResource("8_4mrxx")]
transform = Transform3D(1, 0, 0, 0, 1, 0, 0, 0, 1, 0.593366, 3.998, -20.2208)

[node name="coin-gold37" parent="coins" instance=ExtResource("8_4mrxx")]
transform = Transform3D(1, 0, 0, 0, 1, 0, 0, 0, 1, 3.65288, 3.49573, -21.6592)

[node name="coin-gold38" parent="coins" instance=ExtResource("8_4mrxx")]
transform = Transform3D(1, 0, 0, 0, 1, 0, 0, 0, 1, 3.54813, 3.7929, -24.5028)

[node name="coin-gold39" parent="coins" instance=ExtResource("8_4mrxx")]
transform = Transform3D(1, 0, 0, 0, 1, 0, 0, 0, 1, 1.13305, 5, -24.2471)

[node name="coin-gold40" parent="coins" instance=ExtResource("8_4mrxx")]
transform = Transform3D(1, 0, 0, 0, 1, 0, 0, 0, 1, -1.79767, 5, -23.6948)

[node name="coin-gold41" parent="coins" instance=ExtResource("8_4mrxx")]
transform = Transform3D(1, 0, 0, 0, 1, 0, 0, 0, 1, 1.67444, 5, -22.8346)

[node name="coin-gold42" parent="coins" instance=ExtResource("8_4mrxx")]
transform = Transform3D(1, 0, 0, 0, 1, 0, 0, 0, 1, -1.1029, 5, -22.0416)

[node name="coin-gold43" parent="coins" instance=ExtResource("8_4mrxx")]
transform = Transform3D(1, 0, 0, 0, 1, 0, 0, 0, 1, -0.71503, 5, -21.2079)

[node name="coin-gold44" parent="coins" instance=ExtResource("8_4mrxx")]
transform = Transform3D(1, 0, 0, 0, 1, 0, 0, 0, 1, 1.20019, 5.04918, -21.3)

[node name="coin-gold45" parent="coins" instance=ExtResource("8_4mrxx")]
transform = Transform3D(1, 0, 0, 0, 1, 0, 0, 0, 1, 0, 2.97722, -13.1227)

[node name="coin-gold46" parent="coins" instance=ExtResource("8_4mrxx")]
transform = Transform3D(1, 0, 0, 0, 1, 0, 0, 0, 1, 0, 3.98152, -13.1227)

[node name="coin-gold47" parent="coins" instance=ExtResource("8_4mrxx")]
transform = Transform3D(1, 0, 0, 0, 1, 0, 0, 0, 1, 0, 4.93005, -13.1227)

[node name="coin-gold48" parent="coins" instance=ExtResource("8_4mrxx")]
transform = Transform3D(1, 0, 0, 0, 1, 0, 0, 0, 1, 0, 5.85016, -13.1227)

[node name="blocos_movimento" type="Node3D" parent="."]

[node name="block-moving" parent="blocos_movimento" instance=ExtResource("9_7r4gi")]
transform = Transform3D(1, 0, 0, 0, 1, 0, 0, 0, 1, 0, 1.68464, -13.1338)

[node name="flag" type="Node3D" parent="."]

[node name="flag2" parent="flag" instance=ExtResource("10_w7kh3")]
transform = Transform3D(1, 0, 0, 0, 1, 0, 0, 0, 1, -0.23956, 5, -23.2413)

[node name="pedra" type="Node3D" parent="."]

[node name="rocks" parent="pedra" instance=ExtResource("1_e3hyu")]
transform = Transform3D(1, 0, 0, 0, 1, 0, 0, 0, 1, 2.53961, 3.79278, -25.0534)

[node name="rocks2" parent="pedra" instance=ExtResource("1_e3hyu")]
transform = Transform3D(-3.2601, 0, -3.79101, 0, 5, 0, 3.79101, 0, -3.2601, 2.42804, 0, 8.10201)

[node name="rocks3" parent="pedra" instance=ExtResource("1_e3hyu")]
transform = Transform3D(-4.91098, 0, 0.939307, 0, 5, 0, -0.939307, 0, -4.91098, -1.48188, 0, 8.44121)

[node name="rocks4" parent="pedra" instance=ExtResource("1_e3hyu")]
transform = Transform3D(4.04606, 0, 2.93758, 0, 5, 0, -2.93758, 0, 4.04606, -2.01422, 0, -20.4276)

[node name="rocks5" parent="pedra" instance=ExtResource("1_e3hyu")]
transform = Transform3D(5, 0, 0, 0, 5, 0, 0, 0, 5, 1.18993, 0, -20.7937)
